# oST version 5.0 parameters


[image]

width
640

height
480

[narrow_stereo]

camera matrix
616.015581 0.000000 328.527476
0.000000 614.645574 233.787648
0.000000 0.000000 1.000000

distortion
0.117788 -0.476703 0.001223 -0.000465 0.000000

rectification
1.000000 0.000000 0.000000
0.000000 1.000000 0.000000
0.000000 0.000000 1.000000

projection
613.963196 0.000000 328.986792 0.000000
0.000000 618.934631 234.081130 0.000000
0.000000 0.000000 1.000000 0.000000

