image_width: 640
image_height: 480
camera_name: narrow_stereo
camera_matrix:
  rows: 3
  cols: 3
  data: [616.015581, 0.000000, 328.527476, 0.000000, 614.645574, 233.787648, 0.000000, 0.000000, 1.000000]
distortion_model: plumb_bob
distortion_coefficients:
  rows: 1
  cols: 5
  data: [0.117788, -0.476703, 0.001223, -0.000465, 0.000000]
rectification_matrix:
  rows: 3
  cols: 3
  data: [1.000000, 0.000000, 0.000000, 0.000000, 1.000000, 0.000000, 0.000000, 0.000000, 1.000000]
projection_matrix:
  rows: 3
  cols: 4
  data: [613.963196, 0.000000, 328.986792, 0.000000, 0.000000, 618.934631, 234.081130, 0.000000, 0.000000, 0.000000, 1.000000, 0.000000]
