# oST version 5.0 parameters


[image]

width
1920

height
1080

[narrow_stereo]

camera matrix
1361.363982 0.000000 966.164099
0.000000 1362.095592 515.194777
0.000000 0.000000 1.000000

distortion
-0.035172 -0.014633 -0.001882 -0.000432 0.000000

rectification
1.000000 0.000000 0.000000
0.000000 1.000000 0.000000
0.000000 0.000000 1.000000

projection
1331.036255 0.000000 965.540563 0.000000
0.000000 1353.604370 513.637796 0.000000
0.000000 0.000000 1.000000 0.000000

